0.967033324971837 0 0 0 0 0 0 0 0 0 0 0 0
0.959710070071499 0.988660896076032 0 0 0 0 0 0 0 0 0 0 0
0.966359886638873 0.972788674471399 0.993782097539328 0 0 0 0 0 0 0 0 0 0
0.966551589726962 0.968952724686831 0.985133000574162 0.995101849599407 0 0 0 0 0 0 0 0 0
0.97112937773182 0.969353192779715 0.977227444918282 0.989874302045782 0.996157039018883 0 0 0 0 0 0 0 0
0.966583282929392 0.968129467124442 0.970890432439383 0.983881783358507 0.991066768622759 0.996900994491981 0 0 0 0 0 0 0
0.96734685184294 0.967370539444958 0.969752584535435 0.975877767064397 0.987020071066265 0.992220205419855 0.997441164513199 0 0 0 0 0 0
0.964094404561253 0.965101055801813 0.966847995541183 0.970754470677957 0.98151737827006 0.98952625216838 0.993440554096365 0.998110502643205 0 0 0 0 0
0.966393860206725 0.965888016219518 0.966614360110869 0.968437308119425 0.97519462065423 0.985171387077989 0.990978503544307 0.99386894053491 0.998058747063439 0 0 0 0
0.966625960974741 0.96693918561466 0.964938006765102 0.967996511336719 0.971718824815878 0.980438728697392 0.987188683077434 0.991956968261678 0.996210419139266 0.998318142525839 0 0 0
0.964665347419383 0.964205174336557 0.965393539628365 0.965332429876156 0.96833816811747 0.975377731642202 0.983099754734181 0.988941275530009 0.993783447837989 0.997031514544058 0.998674824288718 0 0
0.962896168793191 0.963391083200795 0.963083457582029 0.963595272271984 0.966103872720499 0.970543209092995 0.980289909572406 0.986108591502154 0.990624317241244 0.994826428358105 0.996966344021675 0.998645851108224 0
0.961829056589385 0.961816610158155 0.962080491043055 0.962109683342576 0.965673881751868 0.96868710928716 0.974065122894077 0.982392494708713 0.988657722517582 0.991915984677737 0.995055475266211 0.997601293594981 0.998615625343865
