0.96684398804494 0 0 0 0 0 0 0 0 0 0 0 0
0.959617519149152 0.988605304276164 0 0 0 0 0 0 0 0 0 0 0
0.966114631094608 0.972571425435659 0.993797071312254 0 0 0 0 0 0 0 0 0 0
0.966328519836473 0.968817194563254 0.984968381266046 0.995138015010754 0 0 0 0 0 0 0 0 0
0.970873995048192 0.969098412059864 0.977029705356123 0.989801278093046 0.996122576907407 0 0 0 0 0 0 0 0
0.966369448048884 0.967878556785795 0.970718928232565 0.983784210300987 0.990989361588934 0.996879300683634 0 0 0 0 0 0 0
0.967093488175617 0.967112931607383 0.969499840023133 0.975694519464417 0.986915794308723 0.992175635914989 0.997316526833412 0 0 0 0 0 0
0.963893762164161 0.964880121508507 0.966618180412537 0.97052017534202 0.98138550734906 0.989430717770331 0.993425174050514 0.998045655653077 0 0 0 0 0
0.966128755125664 0.965619819616728 0.966386380443147 0.968202763773793 0.975036141835224 0.985045408119029 0.990911866273622 0.993832486770388 0.997993936626872 0 0 0 0
0.96635025250502 0.966594579905135 0.964587129937093 0.967746957992052 0.971492428548639 0.980306249848033 0.987048242309294 0.99191587081057 0.996123541078322 0.998227636941031 0 0 0
0.964347502187822 0.963842400871771 0.965118631643162 0.965026257104921 0.968071235199208 0.975210681565485 0.982978779674023 0.988827132935506 0.993712295373973 0.997007217651985 0.998629368864128 0 0
0.962568449255988 0.963069968782327 0.962830668295791 0.963311355403592 0.965875499968589 0.970310774496774 0.980162260598809 0.986033458837078 0.990552624801865 0.994770350068685 0.99698417388221 0.998594225025475 0
0.961572283740743 0.961580147246377 0.961830066103891 0.961824563560252 0.96545492534077 0.968427232319044 0.973894442061023 0.982285368638208 0.988588302708425 0.991811823186514 0.995021181617375 0.997615184714179 0.998562946867363
