0.967222736068909 0 0 0 0 0 0 0 0 0 0 0 0
0.959802638847834 0.988716494128389 0 0 0 0 0 0 0 0 0 0 0
0.966605266734724 0.97300602058523 0.993767124217621 0 0 0 0 0 0 0 0 0 0
0.966774762629345 0.969088292734971 0.985297674917642 0.99506568681662 0 0 0 0 0 0 0 0 0
0.971384894804618 0.969608107500994 0.977425264537064 0.989947336774199 0.996191503514961 0 0 0 0 0 0 0 0
0.966797212464128 0.968380507587519 0.971061997258784 0.983979375772805 0.991144187750189 0.996922689244538 0 0 0 0 0 0 0
0.967600348299844 0.967628284556013 0.970005460860954 0.976061083509677 0.987124369861738 0.992264778929112 0.99756583334958 0 0 0 0 0 0
0.96429513050646 0.965322091295548 0.967077919973697 0.970988879164679 0.981649284635392 0.989621805016841 0.993455934618445 0.998175358060613 0 0 0 0 0
0.966659110817032 0.966156361844522 0.966842447369084 0.968671966127984 0.975353150998749 0.985297398264353 0.991045149778098 0.993905396973778 0.998123565918224 0 0 0 0
0.966901826813603 0.967284037126198 0.965289138954903 0.968246193419452 0.971945326626332 0.980571243358045 0.987329163816095 0.991998069118459 0.996297312355871 0.998408664523745 0 0 0
0.964983402241158 0.964568220987373 0.96566860426982 0.965638796987215 0.96860524828282 0.975544838958877 0.983220759574771 0.98905544447904 0.993854610492149 0.997055812620381 0.99872028385156 0 0
0.963224111559554 0.963712411827712 0.963336379641781 0.963879356547419 0.966332353491399 0.970775755073708 0.980417591798421 0.98618373561785 0.990696020059027 0.994882512970495 0.996948514798859 0.998697482529258 0
0.962085966609008 0.96205318939609 0.962331046418945 0.962394972214771 0.965892937500147 0.968947125768426 0.974235863563293 0.982499644147676 0.988727152076901 0.992020168049635 0.995089771279007 0.997587402862627 0.998668309378692
